N rings 1299
max screen-position change (px): 1.137e-13
max |new centre z - zt| (world px): 2.132e-14
ring  old_zc  new_zt
 380    39.458    39.458
 390    46.683    46.683
 400    47.068    47.068
 410    47.592    47.592
 420    48.117    48.117
 430    48.642    48.642
 440    49.167    49.167
 450    49.691    49.691
 460    50.216    50.216
 470    48.317    50.000
 480    58.451    51.425
 870    14.321    14.321
 880    62.155    62.155
 890    77.691    77.691
 900    84.480    84.480
 910    87.000    87.000
 920    86.003    86.003
 930    83.023    83.023
 940    76.000    76.000
 950    66.307    66.307
 960    52.873    52.873
 970    38.642    38.642
 980    26.224    26.224
 990    16.256    16.256
1000    10.116    10.116
1010     8.000     8.000
1020     8.000     8.000
1030     8.000     8.000
1040     8.681     8.681
1050    10.000    10.000
1060    11.887    11.887
1070    10.197    10.197
1080    -5.902    -5.902
