N rings 1299
max screen-position change (px): 5.684e-14
max |new centre z - zt| (world px): 1.421e-14
ring  old_zc  new_zt
 380    39.458    39.458
 390    46.683    46.683
 400    33.742    47.068
 410    10.051    47.592
 420     7.317    48.117
 430    15.675    48.642
 440    21.620    49.167
 450    22.258    49.691
 460    30.527    50.216
 470    47.869    48.317
 480    58.451    58.451
 870    14.321    14.321
 880    62.155    62.155
 890    79.522    77.691
 900    85.107    84.480
 910    87.197    87.000
 920    83.032    86.003
 930    66.304    83.023
 940    39.198    76.000
 950    21.756    66.307
 960    11.073    52.873
 970   -14.509    38.642
 980   -41.421    26.224
 990   -51.006    16.256
1000   -46.899    10.251
1010   -35.182     7.722
1020   -29.514     6.827
1030   -30.316     6.000
1040   -30.313     4.671
1050   -21.306     3.000
1060    -3.164     0.943
1070     0.377    -1.543
1080    -5.902    -5.902
